(104, 25, 0)
(177, 73, 1)
(185, 8, 2)
(221, 36, 3)
(257, 36, 4)
(308, 51, 5)
(377, 69, 6)
(425, 48, 7)
(503, 78, 8)
(588, 85, 9)
(688, 100, 10)
(858, 170, 11)
(994, 136, 12)
(1144, 150, 13)
(1355, 211, 14)
(1706, 351, 15)
(1966, 260, 16)
(2392, 426, 17)
(2793, 401, 18)
(3255, 462, 19)
(3630, 375, 20)
(4354, 724, 21)
(4347, -7, 22)
(4726, 379, 23)
(5276, 550, 24)
(5759, 483, 25)
(6237, 478, 26)
(6648, 411, 27)
(7049, 401, 28)
(7470, 421, 29)
(7953, 483, 30)
(8447, 494, 31)
(9840, 1393, 32)
(10456, 616, 33)
(11013, 557, 34)
