(18, 59, 45966)
(17, 59, 44639)
(16, 59, 43229)
(15, 59, 42028)
(14, 59, 38697)
(13, 59, 38697)
(12, 59, 36643)
(11, 59, 34561)
(10, 59, 31739)
(9, 59, 26681)
(8, 59, 26681)
(7, 59, 26681)
(6, 59, 21296)
(5, 59, 17912)
(4, 59, 6326)
(3, 59, 6326)
(2, 59, 6326)
(1, 59, 6326)
(0, 59, 6326)
(19, 46, 11952)
(18, 46, 11327)
(17, 46, 10044)
(16, 46, 8914)
(15, 46, 8550)
(14, 46, 7147)
(13, 46, 6203)
(12, 46, 6203)
(11, 46, 5606)
(10, 46, 4520)
(9, 46, 4520)
(8, 46, 4245)
(7, 46, 4245)
(6, 46, 3801)
(5, 46, 3534)
(4, 46, 3534)
(3, 46, 3270)
(2, 46, 2912)
(1, 46, 2280)
(0, 46, 400)
(19, 13, 4906)
(18, 13, 4520)
(17, 13, 4030)
(16, 13, 3536)
(15, 13, 3234)
(14, 13, 2931)
(13, 13, 2605)
(12, 13, 2019)
(11, 13, 1828)
(10, 13, 1550)
(9, 13, 1255)
(8, 13, 1096)
(7, 13, 858)
(6, 13, 788)
(5, 13, 520)
(4, 13, 421)
(3, 13, 381)
(2, 13, 204)
(1, 13, 203)
(0, 13, 0)
(19, 10, 3201)
(18, 10, 2929)
(17, 10, 2816)
(16, 10, 2575)
(15, 10, 2332)
(14, 10, 2107)
(13, 10, 1927)
(12, 10, 1684)
(11, 10, 1491)
(10, 10, 1336)
(9, 10, 1131)
(8, 10, 938)
(7, 10, 970)
(6, 10, 901)
(5, 10, 791)
(4, 10, 494)
(3, 10, 494)
(2, 10, 494)
(1, 10, 161)
(0, 10, 161)
(19, 12, 8441)
(18, 12, 7639)
(17, 12, 6764)
(16, 12, 5910)
(15, 12, 5172)
(14, 12, 4853)
(13, 12, 4141)
(12, 12, 3739)
(11, 12, 3274)
(10, 12, 2840)
(9, 12, 2525)
(8, 12, 2349)
(7, 12, 2116)
(6, 12, 1847)
(5, 12, 1561)
(4, 12, 1387)
(3, 12, 1153)
(2, 12, 941)
(1, 12, 676)
(0, 12, 418)
(19, 35, 66753)
(18, 35, 62733)
(17, 35, 57874)
(16, 35, 51629)
(15, 35, 48461)
(14, 35, 49186)
(13, 35, 43072)
(12, 35, 41032)
(11, 35, 38550)
(10, 35, 35635)
(9, 35, 32457)
(8, 35, 28506)
(7, 35, 26420)
(6, 35, 23384)
(5, 35, 19511)
(4, 35, 16650)
(3, 35, 13897)
(2, 35, 11171)
(1, 35, 10178)
(0, 35, 8465)
(19, 11, 1099)
(18, 11, 958)
(17, 11, 870)
(16, 11, 838)
(15, 11, 769)
(14, 11, 622)
(13, 11, 622)
(12, 11, 622)
(11, 11, 556)
(10, 11, 550)
(9, 11, 416)
(8, 11, 400)
(7, 11, 393)
(6, 11, 325)
(5, 11, 240)
(4, 11, 213)
(3, 11, 183)
(2, 11, 147)
(1, 11, 147)
(0, 11, 78)
(19, 24, 87803)
(18, 24, 79413)
(17, 24, 75463)
(16, 24, 73141)
(15, 24, 65915)
(14, 24, 58517)
(13, 24, 52844)
(12, 24, 41592)
(11, 24, 36105)
(10, 24, 30971)
(9, 24, 15763)
(8, 24, 13727)
(7, 24, 12068)
(6, 24, 10935)
(5, 24, 10222)
(4, 24, 10451)
(3, 24, 8934)
(2, 24, 7801)
(1, 24, 6202)
(0, 24, 0)
(19, 47, 12112)
(18, 47, 11395)
(17, 47, 10528)
(16, 47, 10126)
(15, 47, 9651)
(14, 47, 9086)
(13, 47, 8248)
(12, 47, 7580)
(11, 47, 6915)
(10, 47, 6270)
(9, 47, 5757)
(8, 47, 5269)
(7, 47, 4536)
(6, 47, 3917)
(5, 47, 3093)
(4, 47, 2561)
(3, 47, 1978)
(2, 47, 1107)
(1, 47, 1107)
(0, 47, 796)
(19, 61, 1258)
(18, 61, 1167)
(17, 61, 1109)
(16, 61, 1091)
(15, 61, 833)
(14, 61, 817)
(13, 61, 762)
(12, 61, 607)
(11, 61, 559)
(10, 61, 533)
(9, 61, 492)
(8, 61, 410)
(7, 61, 370)
(6, 61, 299)
(5, 61, 275)
(4, 61, 222)
(3, 61, 153)
(2, 61, 153)
(1, 61, 0)
(0, 61, 0)
(19, 62, 314)
(18, 62, 290)
(17, 62, 290)
(16, 62, 259)
(15, 62, 259)
(14, 62, 207)
(13, 62, 207)
(12, 62, 207)
(11, 62, 166)
(10, 62, 166)
(9, 62, 154)
(8, 62, 108)
(7, 62, 108)
(6, 62, 108)
(5, 62, 108)
(4, 62, 0)
(3, 62, 0)
(2, 62, 0)
(1, 62, 0)
(0, 62, 0)
(19, 60, 753)
(18, 60, 722)
(17, 60, 722)
(16, 60, 688)
(15, 60, 688)
(14, 60, 603)
(13, 60, 603)
(12, 60, 603)
(11, 60, 517)
(10, 60, 517)
(9, 60, 418)
(8, 60, 418)
(7, 60, 398)
(6, 60, 398)
(5, 60, 398)
(4, 60, 398)
(3, 60, 101)
(2, 60, 0)
(1, 60, 0)
(0, 60, 0)
