(u'2020-01-25', 35, 4, 1)
(u'2020-01-27', 35, 4, 1)
(u'2020-01-28', 59, 3, 1)
(u'2020-01-31', 35, 2, 1)
(u'2020-02-04', 59, 4, 1)
(u'2020-02-06', 59, 2, 2)
(u'2020-02-14', 59, 2, 1)
(u'2020-02-20', 59, 2, 1)
(u'2020-02-23', 35, 2, 1)
(u'2020-02-24', 59, 3, 1)
(u'2020-02-26', 35, 5, 1)
(u'2020-02-27', 35, 5, 1)
(u'2020-02-27', 24, 3, 1)
(u'2020-02-28', 35, 4, 1)
(u'2020-02-28', 35, 7, 1)
(u'2020-02-29', 35, 2, 1)
(u'2020-02-29', 35, 4, 1)
(u'2020-02-29', 59, 5, 1)
(u'2020-02-29', 35, 5, 1)
(u'2020-03-01', 35, 3, 1)
(u'2020-03-01', 35, 6, 1)
(u'2020-03-01', 35, 4, 1)
(u'2020-03-01', 35, 5, 1)
(u'2020-03-03', 59, 5, 1)
(u'2020-03-03', 35, 4, 1)
(u'2020-03-03', 35, 6, 2)
(u'2020-03-03', 59, 2, 1)
(u'2020-03-03', 59, 4, 1)
(u'2020-03-03', 35, 5, 2)
(u'2020-03-04', 59, 7, 1)
(u'2020-03-05', 59, 2, 2)
(u'2020-03-05', 59, 4, 4)
(u'2020-03-05', 48, 4, 1)
(u'2020-03-05', 35, 5, 1)
(u'2020-03-05', 24, 6, 1)
(u'2020-03-05', 35, 4, 1)
(u'2020-03-05', 59, 5, 2)
(u'2020-03-06', 35, 4, 1)
(u'2020-03-06', 48, 3, 1)
(u'2020-03-06', 35, 5, 3)
(u'2020-03-06', 35, 2, 1)
(u'2020-03-06', 35, 3, 1)
(u'2020-03-07', 59, 5, 2)
(u'2020-03-07', 59, 7, 1)
(u'2020-03-07', 59, 4, 2)
(u'2020-03-07', 59, 6, 1)
(u'2020-03-08', 35, 3, 1)
(u'2020-03-08', 35, 5, 2)
(u'2020-03-08', 48, 5, 1)
(u'2020-03-08', 35, 4, 1)
(u'2020-03-08', 48, 2, 1)
(u'2020-03-09', 48, 6, 2)
(u'2020-03-09', 48, 4, 2)
(u'2020-03-09', 59, 3, 1)
(u'2020-03-09', 59, 1, 1)
(u'2020-03-09', 35, 7, 1)
(u'2020-03-09', 48, 5, 1)
(u'2020-03-09', 48, 3, 1)
(u'2020-03-09', 59, 4, 2)
(u'2020-03-09', 59, 2, 1)
(u'2020-03-09', 35, 6, 1)
(u'2020-03-09', 35, 2, 1)
(u'2020-03-09', 48, 2, 4)
(u'2020-03-10', 59, 4, 1)
(u'2020-03-10', 35, 3, 1)
(u'2020-03-10', 59, 3, 3)
(u'2020-03-10', 59, 5, 1)
(u'2020-03-10', 59, 7, 2)
(u'2020-03-10', 35, 4, 1)
(u'2020-03-11', 35, 3, 2)
(u'2020-03-11', 59, 5, 3)
(u'2020-03-11', 59, 6, 2)
(u'2020-03-11', 35, 2, 3)
(u'2020-03-11', 59, 4, 1)
(u'2020-03-11', 59, 2, 1)
(u'2020-03-11', 48, 2, 5)
(u'2020-03-12', 59, 4, 1)
(u'2020-03-12', 35, 1, 2)
(u'2020-03-12', 48, 6, 1)
(u'2020-03-12', 47, 5, 1)
(u'2020-03-12', 35, 3, 5)
(u'2020-03-12', 48, 7, 1)
(u'2020-03-12', 35, 5, 3)
(u'2020-03-12', 35, 6, 1)
(u'2020-03-12', 48, 4, 1)
(u'2020-03-12', 59, 7, 1)
(u'2020-03-12', 13, 4, 1)
(u'2020-03-12', 35, 2, 5)
(u'2020-03-12', 59, 3, 5)
(u'2020-03-12', 48, 2, 1)
(u'2020-03-12', 46, 3, 1)
(u'2020-03-12', 35, 4, 1)
(u'2020-03-13', 46, 3, 1)
(u'2020-03-13', 35, 2, 6)
(u'2020-03-13', 35, 6, 2)
(u'2020-03-13', 35, 4, 1)
(u'2020-03-13', 35, 5, 3)
(u'2020-03-13', 47, 5, 1)
(u'2020-03-13', 46, 2, 2)
(u'2020-03-13', 35, 3, 2)
(u'2020-03-13', 35, 7, 1)
(u'2020-03-14', 13, 4, 1)
(u'2020-03-14', 35, 2, 1)
(u'2020-03-14', 35, 4, 4)
(u'2020-03-14', 35, 6, 1)
(u'2020-03-14', 48, 5, 2)
(u'2020-03-14', 11, 4, 1)
(u'2020-03-14', 35, 5, 4)
(u'2020-03-14', 47, 3, 2)
(u'2020-03-14', 47, 2, 2)
(u'2020-03-14', 35, 3, 1)
(u'2020-03-15', 35, 6, 2)
(u'2020-03-15', 13, 2, 2)
(u'2020-03-15', 35, 4, 6)
(u'2020-03-15', 12, 7, 2)
(u'2020-03-15', 35, 5, 3)
(u'2020-03-15', 35, 2, 3)
(u'2020-03-15', 13, 4, 2)
(u'2020-03-15', 35, 3, 1)
(u'2020-03-15', 46, 6, 2)
(u'2020-03-15', 12, 2, 1)
(u'2020-03-15', 46, 4, 1)
(u'2020-03-16', 35, 2, 2)
(u'2020-03-16', 35, 6, 1)
(u'2020-03-16', 12, 4, 2)
(u'2020-03-16', 35, 3, 3)
(u'2020-03-16', 35, 5, 4)
(u'2020-03-16', 46, 7, 1)
(u'2020-03-16', 13, 2, 1)
(u'2020-03-17', 46, 4, 2)
(u'2020-03-17', 46, 2, 1)
(u'2020-03-17', 35, 5, 2)
(u'2020-03-17', 35, 3, 3)
(u'2020-03-17', 13, 1, 1)
(u'2020-03-17', 46, 3, 1)
(u'2020-03-17', 46, 5, 3)
(u'2020-03-17', 35, 6, 1)
(u'2020-03-17', 47, 4, 1)
(u'2020-03-17', 35, 2, 1)
(u'2020-03-18', 47, 3, 2)
(u'2020-03-18', 13, 5, 2)
(u'2020-03-18', 35, 4, 10)
(u'2020-03-18', 46, 6, 1)
(u'2020-03-18', 46, 4, 1)
(u'2020-03-18', 35, 3, 3)
(u'2020-03-18', 35, 7, 1)
(u'2020-03-18', 47, 2, 3)
(u'2020-03-18', 13, 4, 1)
(u'2020-03-18', 35, 2, 6)
(u'2020-03-18', 35, 5, 4)
(u'2020-03-18', 35, 6, 1)
(u'2020-03-19', 35, 4, 6)
(u'2020-03-19', 35, 7, 1)
(u'2020-03-19', 35, 6, 1)
(u'2020-03-19', 35, 2, 8)
(u'2020-03-19', 11, 3, 1)
(u'2020-03-19', 35, 5, 5)
(u'2020-03-19', 35, 3, 4)
(u'2020-03-20', 47, 4, 1)
(u'2020-03-20', 47, 2, 2)
(u'2020-03-20', 35, 7, 6)
(u'2020-03-20', 35, 3, 7)
(u'2020-03-20', 47, 5, 3)
(u'2020-03-20', 35, 4, 6)
(u'2020-03-20', 35, 5, 6)
(u'2020-03-20', 35, 6, 7)
(u'2020-03-20', 35, 2, 8)
(u'2020-03-21', 35, 4, 8)
(u'2020-03-21', 13, 4, 2)
(u'2020-03-21', 13, 2, 1)
(u'2020-03-21', 35, 1, 1)
(u'2020-03-21', 35, 6, 1)
(u'2020-03-21', 35, 2, 5)
(u'2020-03-21', 46, 2, 1)
(u'2020-03-21', 13, 5, 1)
(u'2020-03-21', 13, 3, 2)
(u'2020-03-21', 35, 3, 6)
(u'2020-03-21', 46, 4, 1)
(u'2020-03-21', 35, 5, 2)
(u'2020-03-22', 35, 5, 1)
(u'2020-03-22', 35, 2, 7)
(u'2020-03-22', 11, 2, 1)
(u'2020-03-22', 35, 6, 2)
(u'2020-03-22', 35, 4, 1)
(u'2020-03-23', 46, 4, 1)
(u'2020-03-23', 35, 3, 18)
(u'2020-03-23', 12, 1, 1)
(u'2020-03-23', 35, 7, 5)
(u'2020-03-23', 35, 5, 8)
(u'2020-03-23', 35, 1, 2)
(u'2020-03-23', 35, 6, 7)
(u'2020-03-23', 35, 4, 13)
(u'2020-03-23', 35, 2, 15)
(u'2020-03-24', 35, 3, 9)
(u'2020-03-24', 35, 7, 5)
(u'2020-03-24', 13, 2, 1)
(u'2020-03-24', 46, 3, 1)
(u'2020-03-24', 35, 4, 15)
(u'2020-03-24', 35, 2, 16)
(u'2020-03-24', 35, 6, 7)
(u'2020-03-24', 35, 5, 12)
(u'2020-03-25', 46, 3, 3)
(u'2020-03-25', 46, 1, 1)
(u'2020-03-25', 13, 2, 4)
(u'2020-03-25', 13, 4, 2)
(u'2020-03-25', 35, 5, 8)
(u'2020-03-25', 35, 7, 5)
(u'2020-03-25', 35, 1, 5)
(u'2020-03-25', 35, 3, 10)
(u'2020-03-25', 46, 5, 4)
(u'2020-03-25', 46, 4, 1)
(u'2020-03-25', 13, 1, 1)
(u'2020-03-25', 46, 2, 4)
(u'2020-03-25', 13, 5, 1)
(u'2020-03-25', 35, 4, 15)
(u'2020-03-25', 35, 6, 10)
(u'2020-03-25', 35, 2, 28)
(u'2020-03-25', 11, 2, 2)
(u'2020-03-26', 13, 4, 1)
(u'2020-03-26', 35, 6, 11)
(u'2020-03-26', 13, 2, 2)
(u'2020-03-26', 35, 2, 49)
(u'2020-03-26', 46, 2, 1)
(u'2020-03-26', 35, 7, 11)
(u'2020-03-26', 13, 5, 4)
(u'2020-03-26', 35, 5, 30)
(u'2020-03-26', 35, 1, 6)
(u'2020-03-26', 35, 3, 23)
(u'2020-03-26', 35, 4, 25)
(u'2020-03-27', 35, 7, 5)
(u'2020-03-27', 35, 5, 8)
(u'2020-03-27', 13, 6, 2)
(u'2020-03-27', 13, 2, 7)
(u'2020-03-27', 35, 2, 8)
(u'2020-03-27', 11, 2, 1)
(u'2020-03-27', 11, 4, 1)
(u'2020-03-27', 35, 6, 4)
(u'2020-03-27', 35, 4, 8)
(u'2020-03-27', 13, 5, 1)
(u'2020-03-27', 13, 1, 2)
(u'2020-03-27', 35, 3, 3)
(u'2020-03-27', 35, 1, 1)
(u'2020-03-28', 35, 2, 5)
(u'2020-03-28', 13, 6, 2)
(u'2020-03-28', 13, 4, 2)
(u'2020-03-28', 13, 2, 2)
(u'2020-03-28', 35, 7, 1)
(u'2020-03-28', 35, 6, 1)
(u'2020-03-28', 35, 5, 7)
(u'2020-03-28', 35, 4, 9)
(u'2020-03-28', 35, 3, 2)
(u'2020-03-29', 35, 3, 8)
(u'2020-03-29', 35, 5, 7)
(u'2020-03-29', 35, 7, 1)
(u'2020-03-29', 35, 2, 8)
(u'2020-03-29', 35, 4, 3)
(u'2020-03-29', 35, 6, 3)
(u'2020-03-30', 35, 2, 31)
(u'2020-03-30', 35, 6, 4)
(u'2020-03-30', 35, 4, 20)
(u'2020-03-30', 13, 5, 1)
(u'2020-03-30', 35, 5, 8)
(u'2020-03-30', 35, 3, 8)
(u'2020-03-30', 35, 1, 2)
(u'2020-03-30', 35, 7, 1)
(u'2020-03-30', 13, 2, 1)
(u'2020-03-31', 13, 5, 1)
(u'2020-03-31', 11, 3, 1)
(u'2020-03-31', 35, 2, 3)
(u'2020-03-31', 35, 5, 1)
(u'2020-03-31', 11, 2, 2)
(u'2020-03-31', 13, 2, 1)
(u'2020-03-31', 35, 4, 1)
(u'2020-04-01', 35, 5, 6)
(u'2020-04-01', 13, 3, 2)
(u'2020-04-01', 35, 6, 2)
(u'2020-04-01', 35, 2, 5)
(u'2020-04-01', 35, 4, 2)
(u'2020-04-01', 35, 3, 3)
(u'2020-04-01', 13, 2, 2)
(u'2020-04-01', 35, 7, 2)
(u'2020-04-01', 13, 5, 2)
(u'2020-04-01', 35, 1, 1)
(u'2020-04-01', 13, 4, 5)
(u'2020-04-02', 35, 1, 2)
(u'2020-04-02', 35, 5, 8)
(u'2020-04-02', 35, 4, 18)
(u'2020-04-02', 35, 7, 4)
(u'2020-04-02', 35, 2, 16)
(u'2020-04-02', 13, 6, 3)
(u'2020-04-02', 13, 4, 2)
(u'2020-04-02', 35, 6, 6)
(u'2020-04-02', 13, 2, 3)
(u'2020-04-02', 11, 4, 1)
(u'2020-04-02', 35, 3, 8)
(u'2020-04-02', 13, 5, 2)
(u'2020-04-03', 35, 7, 9)
(u'2020-04-03', 35, 1, 3)
(u'2020-04-03', 35, 3, 11)
(u'2020-04-03', 13, 5, 1)
(u'2020-04-03', 13, 2, 2)
(u'2020-04-03', 35, 4, 15)
(u'2020-04-03', 35, 6, 9)
(u'2020-04-03', 35, 2, 10)
(u'2020-04-03', 13, 3, 1)
(u'2020-04-03', 35, 5, 10)
