(24, 7, 0)
(50, 26, 1)
(74, 24, 2)
(94, 20, 3)
(121, 27, 4)
(139, 18, 5)
(181, 42, 6)
(219, 38, 7)
(628, 409, 8)
(1013, 385, 9)
(1342, 329, 10)
(1632, 290, 11)
(2024, 392, 12)
(2498, 474, 13)
(2840, 342, 14)
(3430, 590, 15)
(4162, 732, 16)
(4611, 449, 17)
(5518, 907, 18)
(6101, 583, 19)
(6101, 0, 20)
(7944, 1843, 21)
(8580, 636, 22)
(9340, 760, 23)
(10031, 691, 24)
(10912, 881, 25)
(11677, 765, 26)
(12292, 615, 27)
(12846, 554, 28)
(13557, 711, 29)
(14248, 691, 30)
(14860, 612, 31)
(15857, 997, 32)
(16798, 941, 33)
(17521, 723, 34)
