(geo_code, age_group, count)
(10, 1, 101695)
(10, 2, 116090)
(10, 3, 73170)
(10, 4, 85700)
(10, 5, 79510)
(10, 6, 43120)
(10, 7, 20420)
(11, 1, 31330)
(11, 2, 32210)
(11, 3, 18380)
(11, 4, 22580)
(11, 5, 20625)
(11, 6, 11320)
(11, 7, 6455)
(12, 1, 185085)
(12, 2, 213625)
(12, 3, 118940)
(12, 4, 152180)
(12, 5, 133670)
(12, 6, 76550)
(12, 7, 43565)
(13, 1, 151100)
(13, 2, 166635)
(13, 3, 99730)
(13, 4, 122795)
(13, 5, 110220)
(13, 6, 61350)
(13, 7, 35265)
(24, 1, 1763080)
(24, 2, 2061555)
(24, 3, 1025950)
(24, 4, 1255910)
(24, 5, 1050845)
(24, 6, 630495)
(24, 7, 376520)
(35, 1, 3019645)
(35, 2, 3475990)
(35, 3, 1809260)
(35, 4, 2045805)
(35, 5, 1583890)
(35, 6, 921655)
(35, 7, 592260)
(46, 1, 326260)
(46, 2, 339745)
(46, 3, 158675)
(46, 4, 177605)
(46, 5, 142015)
(46, 6, 79535)
(46, 7, 54530)
(47, 1, 283345)
(47, 2, 296695)
(47, 3, 128530)
(47, 4, 151440)
(47, 5, 121145)
(47, 6, 67140)
(47, 7, 50060)
(48, 1, 1019185)
(48, 2, 1211450)
(48, 3, 550235)
(48, 4, 559850)
(48, 5, 399910)
(48, 6, 200990)
(48, 7, 125540)
(59, 1, 950365)
(59, 2, 1197900)
(59, 3, 617410)
(59, 4, 709300)
(59, 5, 611615)
(59, 6, 347010)
(59, 7, 214450)
(60, 1, 8210)
(60, 2, 9995)
(60, 3, 5005)
(60, 4, 5875)
(60, 5, 4375)
(60, 6, 1735)
(60, 7, 670)
(61, 1, 11590)
(61, 2, 13130)
(61, 3, 5705)
(61, 4, 6025)
(61, 5, 3515)
(61, 6, 1285)
(61, 7, 525)
(62, 1, 14830)
(62, 2, 11430)
(62, 3, 4095)
(62, 4, 3245)
(62, 5, 1630)
(62, 6, 550)
(62, 7, 160)
